CFull
1.00000,0.07132,0.81942,0.89731,0.49004,0.53198,0.68189,0.85436,0.59624,0.86826,0.80726,0.82989
0.07132,1.00000,0.08815,0.22100,0.28517,0.22962,0.05190,0.14846,0.11900,0.18220,0.11520,0.22572
0.81942,0.08815,1.00000,0.90793,0.45056,0.52550,0.80121,0.86824,0.73177,0.87205,0.83336,0.76151
0.89731,0.22100,0.90793,1.00000,0.45164,0.59608,0.77824,0.94926,0.72296,0.95635,0.86683,0.83355
0.49004,0.28517,0.45056,0.45164,1.00000,0.12506,0.34559,0.47780,0.40342,0.45654,0.43111,0.46908
0.53198,0.22962,0.52550,0.59608,0.12506,1.00000,0.43297,0.60435,0.24098,0.64088,0.32105,0.66749
0.68189,0.05190,0.80121,0.77824,0.34559,0.43297,1.00000,0.80026,0.55431,0.68559,0.82609,0.59742
0.85436,0.14846,0.86824,0.94926,0.47780,0.60435,0.80026,1.00000,0.76106,0.90011,0.81402,0.79785
0.59624,0.11900,0.73177,0.72296,0.40342,0.24098,0.55431,0.76106,1.00000,0.70755,0.68278,0.48999
0.86826,0.18220,0.87205,0.95635,0.45654,0.64088,0.68559,0.90011,0.70755,1.00000,0.82336,0.80308
0.80726,0.11520,0.83336,0.86683,0.43111,0.32105,0.82609,0.81402,0.68278,0.82336,1.00000,0.63229
0.82989,0.22572,0.76151,0.83355,0.46908,0.66749,0.59742,0.79785,0.48999,0.80308,0.63229,1.00000



% Full Cov
Raw
0.048
0.12533333333333332
Z
0.048
0.12533333333333332
Gauss
0.05966666666666666
0.18766666666666668
PCA
0.094
0.18766666666666668
% Tied
Raw
0.04733333333333333
0.12166666666666667
Z
0.04733333333333333
0.12166666666666667
Gauss
0.06066666666666667
0.18000000000000002
PCA
0.09466666666666666
0.18000000000000002
% Diag
Raw
0.5640000000000001
0.8273333333333333
Z
0.5640000000000001
0.8273333333333333
Gauss
0.5413333333333333
0.8100000000000002
PCA
0.10366666666666666
0.8100000000000002
% Diag-Tied
Raw
0.567
0.8243333333333334
Z
0.567
0.8243333333333334
Gauss
0.5403333333333333
0.8056666666666668
PCA
0.10400000000000001
0.8056666666666668

linear logreg
raw
LogReg lambda: 10e-4  pi_tr: 0.500000 pi_app: 0.5	 0.047333
LogReg lambda: 10e-4  pi_tr: 0.500000 pi_app: 0.1	 0.127000
LogReg lambda: 10e-4  pi_tr: 0.500000 pi_app: 0.9	 0.125667
Z normalised
LogReg lambda: 10e-4  pi_tr: 0.500000 pi_app: 0.5	 0.046000
LogReg lambda: 10e-4  pi_tr: 0.500000 pi_app: 0.1	 0.136333
LogReg lambda: 10e-4  pi_tr: 0.500000 pi_app: 0.9	 0.129667
PCA
LogReg lambda: 10e-4  pi_tr: 0.500000 pi_app: 0.5	 0.095667
LogReg lambda: 10e-4  pi_tr: 0.500000 pi_app: 0.1	 0.266333
LogReg lambda: 10e-4  pi_tr: 0.500000 pi_app: 0.9	 0.218667



quadratic logreg
raw
LogReg lambda: 0.000100  pi_tr: 0.500000 pi_app: 0.5	 0.120667
LogReg lambda: 0.000100  pi_tr: 0.500000 pi_app: 0.1	 0.323667
LogReg lambda: 0.000100  pi_tr: 0.500000 pi_app: 0.9	 0.333333
Z normalised
LogReg lambda: 0.000100  pi_tr: 0.500000 pi_app: 0.5	 0.052333
LogReg lambda: 0.000100  pi_tr: 0.500000 pi_app: 0.1	 0.150667
LogReg lambda: 0.000100  pi_tr: 0.500000 pi_app: 0.9	 0.139000
pca
LogReg lambda: 0.000100  pi_tr: 0.500000 pi_app: 0.5	 0.092667
LogReg lambda: 0.000100  pi_tr: 0.500000 pi_app: 0.1	 0.256000
LogReg lambda: 0.000100  pi_tr: 0.500000 pi_app: 0.9	 0.224667

Linear svm C: 1 pi_app: 0.5	 0.046333
Quadratic svm:

Rbf svm C = 30 gamma=0.01
minDcf (pi=0.5): 0.045000 
